{
  "precision": 0.9357541899441341,
  "recall": 0.9990059642147118,
  "accuaracy": 0.9543915915915916
}